eval_loss = 1.371584689244628
f1_score = 0.7360417119270042
precision = 0.7330160103851147
recall = 0.7390924956369983
